Stud Qu1 Qu2 Qu3 Qu4 Qu5
1234 052 007 100 078 034
2134     036 090 077 030
3124 100 045 020 090 070
4532 098 017     100 100
5678 020 012 045 078 034
6134 034 080 055 078 045
7874 
8026 070 010 066 078 056
9893 034 009 077 078    
1947 045 040 088 078 055
2877 055 050 099 078 080
3189 022 070 100 078 077
4602     050     078 060
5405 011 088 000 078 010
6999 000 098 089 078 020
1236 060 080 100     034
2136 097 036 098 077 036
3126 100 044 020 099 070
4534 011 017 079 032 075
5680 060     045 078 034

